This folder: /media/daniella/B/git/Floflis/Floflis/Floflis - Dther layers/Floflis-DNA/layers/core/updates-playground

  File: ./updates
  Size: 0         	Blocks: 0          IO Block: 4096   directory
Device: 8,20	Inode: 2530892     Links: 1
Access: (0775/drwxrwxr-x)  Uid: ( 1000/daniella)   Gid: ( 1000/daniella)
Access: 2023-12-30 21:49:37.786192900 -0300
Modify: 2023-12-30 21:49:37.786192900 -0300
Change: 2023-12-30 21:49:50.590183900 -0300
 Birth: 2023-12-30 21:49:37.786192900 -0300
IPFS hash: 
------------------------------